HYPERLEDA,LEDA,LEDA,LEDA,LEDA,"All CF4 Individual Distances","All CF4 Individual Distances"
pgc,v,e_v,RA2000,DEC2000,DMtrgb,eDMt
%7s,%8.0f,%8.0f,%12s,%12s,%5.2f,%4.2f
---,km/s,km/s,h,deg,mag,mag
"The Catalogue of Principal Galaxies (PGC) Number","Mean Heliocentric radial velocity (cz)","Actual error on v","Right Ascension (J2000)","Declination (J2000)","Distance modulus from TRGB measures, CF4 zero point","Error of measured TRGB modulus"
2807061,290,4,070028.2,-041225.6,29.07,0.09
20125,564,4,070517.7,-583108.1,28.57,0.11
20171,735,3,070657.0,-220222.7,29.23,0.10
20445,314,2,071351.7,+103115.8,29.38,0.05
21102,99,2,072854.1,+691253.9,27.53,0.03
21199,530,4,073118.4,-681115.1,28.28,0.03
21302,213,25,073411.4,+665302.4,27.48,0.05
5060050,356,8,073610.3,+095911.0,29.39,0.11
21396,141,9,073651.4,+653608.7,27.47,0.05
21600,272,2,074155.4,+164809.0,29.51,0.02
2807065,493,7,074606.0,-282534.7,28.77,0.09
21772,445,1,074656.6,+511745.7,29.78,0.11
5060076,351,8,075021.7,+074740.0,29.86,0.04
22277,350,6,075702.2,+142327.6,29.43,0.03
23324,158,1,081904.4,+704318.0,27.65,0.02
23344,738,95,081922.2,-850835.4,27.11,0.09
23521,114,3,082355.5,+710151.0,27.62,0.06
23769,396,2,082828.5,+415123.8,29.92,0.04
24050,19,2,083407.2,+661047.9,27.78,0.03
24171,859,9,083615.2,-262433.6,29.53,0.07
24781,809,10,084906.0,-261917.4,29.62,0.08
4087020,402,2,085112.1,+275248.0,29.59,0.04
24930,422,6,085241.2,+332516.0,29.91,0.38
166095,463,3,085250.7,+334751.9,29.76,0.05
166096,0,0,085522.4,+333330.9,29.79,0.06
86668,484,3,090254.0,+200428.9,29.68,0.07
2806961,318,6,090853.7,+143458.3,29.86,0.11
1599237,444,2,091339.0,+193707.6,29.55,0.09
86669,497,6,091930.3,+213613.0,29.79,0.12
26761,465,3,092611.8,-763735.2,28.11,0.03
5056943,0,0,092627.9,+703023.9,27.61,0.14
27077,555,2,093210.1,+213005.1,29.76,0.09
27115,507,34,093248.8,+212756.4,29.59,0.09
5056931,0,0,093403.7,+701257.3,27.35,0.38
5056932,0,0,093915.8,+711841.9,27.76,0.27
27605,140,1,094032.3,+711059.9,27.97,0.03
5056933,0,0,094422.5,+691239.8,27.87,0.27
5056944,0,0,094434.4,+712857.6,27.65,0.06
3097827,-125,130,094447.1,+672619.0,27.82,0.05
27935,541,4,094504.2,+321416.4,29.99,0.30
3097828,0,0,094510.0,+684553.9,27.84,0.05
166101,0,0,095013.1,+673033.0,27.85,0.02
28529,-40,60,095348.7,+685808.9,28.05,0.13
5056934,0,0,095513.5,+702428.9,27.64,0.33
28655,231,6,095552.3,+694047.2,27.74,0.02
4078671,621,41,095637.6,-092910.6,29.81,0.11
28731,216,13,095703.0,+683531.3,27.77,0.02
28759,99,8,095730.8,+691639.8,27.92,0.17
28757,53,7,095732.0,+690245.5,27.88,0.08
28826,77,50,095848.5,+665059.2,27.86,0.05
5056936,-186,44,095933.1,+683924.9,28.10,0.15
2807133,0,0,100012.8,+631103.3,27.78,0.11
29033,446,3,100138.2,-081454.7,29.94,0.26
29146,-7,5,100318.6,+684401.4,27.88,0.07
29230,481,6,100440.9,+292151.8,29.38,0.06
29231,0,0,100441.1,+681522.0,27.79,0.09
29257,-127,4,100507.2,+663332.6,27.76,0.02
29284,347,2,100530.8,+702152.0,29.69,0.03
5056937,0,0,100646.2,+671204.1,27.74,0.13
29388,-16,10,100701.8,+674939.1,27.82,0.02
4689195,-140,64,100806.0,+682357.3,27.82,0.02
29735,185,4,101247.9,+640627.9,27.81,0.06
5056938,0,0,101455.8,+684527.5,27.87,0.19
5056947,0,0,101506.9,+690215.1,28.00,0.39
4689216,-37,60,102125.2,+710658.1,27.94,0.04
30664,55,10,102627.8,+673925.1,27.66,0.04
5056941,-107,44,102839.7,+701401.0,27.87,0.06
30997,56,3,103034.8,+703717.0,27.92,0.02
31286,0,0,103430.5,+660033.8,27.55,0.14
5056942,0,0,104116.8,+700903.5,27.79,0.15
83321,0,0,104234.6,+120903.3,29.95,0.13
31961,669,6,104327.3,-370237.9,29.15,0.10
31968,583,3,104331.1,+245519.7,29.91,0.27
32007,778,2,104357.7,+114212.8,29.94,0.03
83333,0,0,104625.0,+140129.6,29.97,0.22
4689210,640,5,104653.2,+124440.0,29.91,0.23
83339,832,4,104656.9,+125957.3,29.87,0.13
32250,715,7,104741.6,-385113.2,29.15,0.04
32292,563,6,104816.9,+123745.8,29.82,0.02
32405,339,2,104937.1,+653149.8,29.60,0.10
5057800,779,8,104952.7,+123213.0,30.00,0.11
166107,0,0,105027.1,+122135.1,29.86,0.11
32643,617,2,105231.0,+363708.8,29.75,0.19
32667,116,6,105255.2,+693245.9,27.91,0.15
490287,597,2,105730.0,-481101.9,28.64,0.03
35286,-92,2,112759.7,+785938.0,28.28,0.04
683190,704,9,113311.0,-325744.8,28.69,0.06
35684,251,2,113328.8,+491417.3,28.08,0.12
35856,224,8,113547.9,+543130.3,28.57,0.02
35878,229,1,113606.0,+451708.2,27.49,0.12
36014,654,4,113753.2,-391314.0,28.84,0.04
36758,82,3,114659.2,+612006.2,28.27,0.14
37050,243,2,115052.8,+385250.4,27.07,0.08
6726347,321,210,115205.6,+544732.2,28.82,0.08
37369,642,3,115443.2,-333331.5,28.63,0.07
2543081,416,1,115754.2,+563816.7,29.66,0.16
38148,210,2,120401.9,+523518.3,28.16,0.02
38252,632,6,120456.7,-354435.1,28.64,0.10
38685,339,40,120956.3,+362604.9,28.38,0.13
38688,267,3,120958.5,+462726.2,29.14,0.04
38881,164,4,121209.2,+361009.7,27.33,0.03
39023,152,26,121344.5,+363759.7,27.21,0.06
39032,611,3,121349.7,-381351.5,27.56,0.10
39058,63,2,121408.4,+660540.9,28.63,0.03
39145,283,4,121458.1,+361306.3,27.32,0.08
39225,291,2,121539.2,+361938.8,27.25,0.07
39228,154,1,121546.6,+522314.2,28.27,0.09
39422,245,2,121729.5,+374825.8,28.12,0.07
39423,517,4,121730.2,+453708.7,29.36,0.10
39461,486,14,121749.9,+472432.9,29.21,0.14
4320422,402,2,121811.1,+465500.8,29.54,0.09
39600,454,6,121857.6,+471813.8,29.40,0.08
166127,0,0,121906.2,+474349.8,29.34,0.09
39615,272,20,121909.3,+470525.4,29.26,0.02
166130,215,40,121934.7,+580238.2,28.64,0.11
39918,461,3,122115.2,+454843.1,29.26,0.02
166135,572,5,122252.7,+334944.7,29.46,0.09
166137,482,4,122528.3,+282856.8,28.84,0.08
40596,318,2,122548.9,+333248.3,28.34,0.01
40665,281,2,122617.0,+482939.0,28.73,0.05
40750,300,2,122652.7,+530619.3,28.88,0.09
40791,217,4,122705.0,+370835.8,28.43,0.07
86635,603,1,122804.9,+221727.0,28.95,0.09
40973,204,3,122811.0,+440534.9,28.10,0.01
41020,288,10,122828.1,+371405.4,28.32,0.07
41048,309,2,122838.7,+354303.3,28.33,0.14
41066,643,3,122844.1,+224917.3,29.05,0.09
41093,412,6,122852.3,+421040.6,29.60,0.15
41314,436,2,123023.7,+425405.4,29.52,0.07
41326,483,4,123031.3,+414203.4,29.70,0.58
5808780,624,8,123034.0,+231220.0,29.14,0.09
41333,587,2,123036.4,+413837.2,29.20,0.23
41522,682,6,123200.2,+394956.5,29.74,0.07
41636,331,1,123254.4,+313227.7,28.39,0.05
41749,648,1,123352.7,+393733.3,29.94,0.09
42002,814,3,123557.7,+275734.8,29.68,0.08
42115,786,5,123713.9,+293750.8,29.58,0.17
42120,756,8,123714.1,-102952.3,29.91,0.07
42134,454,5,123721.8,+384437.6,28.89,0.08
42275,308,2,123840.0,+324600.8,27.88,0.18
42380,554,3,123939.0,+444912.8,29.74,0.10
42408,146,3,123959.4,+613632.5,28.67,0.02
42447,852,30,124023.0,+030703.6,29.79,0.07
4074723,229,132,124029.9,+472203.9,29.36,0.13
42575,537,3,124132.8,+410856.1,29.37,0.06
42620,544,22,124159.8,+323425.0,29.15,0.27
42656,355,4,124215.1,+383009.4,28.25,0.08
2832120,735,55,124324.6,+322856.1,29.35,0.09
42832,446,3,124345.4,+535735.7,29.88,0.12
5056993,402,6,124355.7,+412724.6,28.36,0.11
166142,295,4,124357.4,+433941.6,28.13,0.11
42936,620,8,124442.5,-355759.7,28.63,0.05
43129,332,2,124659.8,+362835.1,27.34,0.08
3994669,413,4,124733.8,-773457.4,27.65,0.17
43255,467,6,124822.9,+510957.2,29.02,0.10
166146,0,0,124913.1,+353645.8,28.16,0.16
4343356,539,4,124936.8,+215505.4,29.01,0.10
43495,314,1,125053.0,+410712.0,28.17,0.04
43851,823,2,125356.8,-120621.2,29.76,0.14
43869,375,1,125405.4,+270859.1,27.98,0.04
43978,643,4,125453.6,-282027.0,28.83,0.11
44055,419,4,125540.4,+191233.2,28.37,0.07
44182,408,4,125643.8,+214055.0,28.17,0.03
44536,837,5,125901.8,+345139.0,29.94,0.04
44681,827,2,125956.6,-192441.0,29.26,0.09
44982,749,2,130214.4,-171416.2,28.75,0.07
45104,744,6,130333.2,-463512.7,27.44,0.07
166152,615,2,130502.3,-400456.5,28.82,0.13
45314,315,19,130549.6,+373617.8,28.14,0.04
45372,32,3,130624.9,+674224.9,28.37,0.02
45506,219,2,130803.6,+464940.7,28.25,0.06
45546,-58,55,130835.9,+785613.6,28.32,0.03
45717,400,8,131032.9,-465931.2,27.82,0.01
2815820,0,0,131114.2,-385422.0,27.28,0.07
45849,407,1,131211.8,+440217.0,28.86,0.06
166158,0,0,131245.2,-414955.4,28.08,0.09
45916,784,31,131308.8,-445324.0,27.82,0.02
45917,647,96,131311.6,-431553.8,27.81,0.02
166159,368,9,131339.8,+420237.0,29.54,0.08
46039,192,3,131428.2,+455510.9,28.09,0.08
5057032,242,7,131520.1,+473237.0,28.13,0.13
46127,265,2,131529.8,+472958.7,28.17,0.05
46153,508,3,131549.3,+420145.2,29.73,0.02
46400,671,2,131855.1,-210221.1,28.51,0.09
5509264,0,0,131952.4,-415937.0,27.87,0.11
166163,571,3,132108.3,-313144.9,28.70,0.10
46663,741,15,132147.1,-450344.8,27.94,0.06
46674,467,2,132157.6,-363748.4,27.77,0.22
46680,0,0,132201.9,-423205.1,27.87,0.02
2815822,0,0,132212.6,-424343.1,27.88,0.04
5509263,0,0,132302.3,-414710.0,27.94,0.12
46885,490,3,132436.0,-305818.8,28.34,0.06
46957,552,6,132528.1,-430105.2,27.78,0.04
5509265,0,0,132557.6,-410539.0,27.71,0.18
5509266,0,0,132628.7,-433324.0,27.76,0.09
47073,420,8,132644.4,-302145.0,28.52,0.04
166167,0,0,132728.0,-452108.7,27.83,0.14
47171,514,2,132738.4,-412841.7,27.84,0.05
47368,202,2,132936.5,+582509.4,28.26,0.24
47404,461,2,132952.7,+471142.5,29.61,0.08
5072214,0,0,132957.3,-415222.6,27.84,0.19
5072213,0,0,133014.1,-415330.4,27.69,0.10
5509262,0,0,133021.5,-421133.0,27.74,0.09
1726175,360,8,133230.3,+250725.0,28.57,0.09
47762,582,6,133344.1,-480904.2,27.48,0.01
47788,395,7,133402.9,+475455.4,29.71,0.08
47853,229,1,133442.5,+513649.2,28.22,0.02
48029,572,2,133630.8,-291407.3,28.62,0.03
166170,0,0,133635.5,-293416.8,28.45,0.08
677373,591,4,133700.3,-332145.1,28.24,0.15
48082,508,2,133700.9,-295156.0,28.40,0.04
592761,491,3,133725.5,-395319.4,28.48,0.11
48139,360,8,133739.1,-425048.8,27.56,0.01
48280,274,2,133919.5,+244630.8,28.11,0.03
48332,202,2,133953.8,+404420.9,27.41,0.04
48368,578,3,134018.3,-285339.1,28.14,0.04
48467,478,2,134136.7,-295445.8,28.35,0.07
2815823,0,0,134138.1,-423455.1,27.87,0.25
48515,0,0,134205.7,-451218.6,27.78,0.08
2576103,222,35,134307.2,+581339.3,28.69,0.09
166172,0,0,134336.3,-434609.6,27.83,0.11
166175,0,0,134617.1,-454105.3,27.67,0.21
166176,0,0,134639.7,-295844.3,28.42,0.06
4689187,0,0,134809.2,-473353.8,27.77,0.05
4614882,582,6,134833.5,-375805.2,28.71,0.07
166179,0,0,134846.4,-465947.9,27.86,0.05
49050,329,3,134917.5,-360348.1,27.47,0.02
3097113,529,5,135118.9,-465824.6,28.74,0.12
2807150,285,3,135433.5,+041440.0,27.03,0.26
49448,141,2,135445.8,+535411.9,29.25,0.02
49452,224,2,135448.5,+355015.7,27.51,0.06
49615,505,9,135701.4,-351958.5,28.21,0.03
50063,237,2,140312.6,+542056.6,29.07,0.08
50216,255,22,140501.5,+533944.1,29.17,0.12
5067392,0,0,140649.8,+534428.8,29.04,0.09
50911,324,3,141509.3,+570514.9,29.69,0.03
51210,302,2,141948.2,+564346.0,29.17,0.10
51472,150,2,142443.5,+443133.9,27.21,0.04
51659,392,2,142803.6,-461818.6,27.74,0.23
52125,621,4,143503.0,-492518.2,27.44,0.09
52142,218,5,143524.6,+571520.4,28.77,0.02
52591,629,3,144325.5,-444218.3,27.91,0.09
53639,588,2,150108.6,-481730.6,28.95,0.02
57888,606,5,162059.1,-602915.3,28.79,0.08
60849,306,3,174709.4,-643820.8,26.98,0.02
60921,36,12,174926.5,+700839.6,28.93,0.07
4689184,426,9,175248.4,+700814.4,29.00,0.11
61922,739,4,182838.0,-665856.1,29.29,0.06
62572,796,4,185541.2,-644841.0,29.71,0.06
62814,69,38,190842.4,+701702.0,29.04,0.04
62836,852,16,190945.9,-635127.7,29.81,0.10
62869,776,8,191123.1,-641308.4,29.89,0.18
63000,-140,9,191641.4,+635820.7,27.70,0.04
5060431,279,6,195211.8,+142824.0,29.57,0.14
64054,432,6,200357.3,-314053.6,29.13,0.11
64181,814,3,200931.7,-615102.1,29.77,0.14
64824,127,2,203015.2,+602626.4,29.22,0.09
65001,46,2,203452.6,+600913.6,29.21,0.12
65603,589,3,205205.1,-691205.1,28.65,0.06
67045,851,4,213628.9,-543327.4,29.84,0.06
