E059-01          07 31 19.3 -68 11 10  9 -1.5 245  5 4.57 0.36 rgb K06a   
N2915            09 26 11.5 -76 37 35 10 -1.3 184  5 3.78 0.43 rgb CNG    
SexB,DDO70       10 00 00.1 +05 19 56 10 -0.7 111  1 1.36 0.07 rgb CNG    
N3109            10 03 07.2 -26 09 36  9 -0.1 110  1 1.33 0.08 rgb CNG    
Antlia,P29194    10 04 04.0 -27 19 55 10  2.3  66  0 1.28 0.13 rgb T06    
SexA,DDO75       10 11 00.8 -04 41 34 10 -0.6  94  1 1.32 0.04 cep CNG    
E376-16          10 43 27.1 -37 02 33 10      364  3 5.0       h   Ko04   
P32250           10 47 41.9 -38 51 15  7 -1.0 406  7 5.8       h   CNG    
E215-09,KKs40    10 57 30.2 -48 10 44 10 -0.9 290  2 5.25 0.41 rgb K07    
N3621            11 18 16.1 -32 48 42  7 -1.9 436  5 6.70 0.47 cep CNG    
HIPASS           11 33 11.0 -32 57 43 10      414  5 5.8       h   M04    
E320-14,KKs44    11 37 53.4 -39 13 14 10 -1.2 362  5 6.08 0.65 rgb K07    
E379-07,KK112    11 54 43.0 -33 33 29 10 -1.3 363  5 5.22 0.52 rgb CNG    
E379-24          12 04 56.7 -35 44 35 10      354  5 4.9       h   M04    
E321-014         12 13 49.6 -38 13 53 10 -0.3 337  5 3.19 0.26 rgb CNG    
I3104,E020-04    12 18 46.1 -79 43 34  9 -0.5 171  5 2.27 0.19 rgb CNG    
KKs51            12 44 21.5 -42 56 23 -3  0.7        3.6       mem CNG  C 
E381-018         12 44 42.7 -35 58 00 10 -0.6 365  1 5.32 0.51 rgb K07    
E381-20          12 46 00.4 -33 50 17 10 -0.3 332  6 5.44 0.37 rgb K07    
HIPASS J1247-77  12 47 32.6 -77 35 01 10 -1.0 155  3 3.16 0.25 rgb K06a   
E443-09,KK170    12 54 53.6 -28 20 27 10 -0.9 410  1 5.97 0.46 rgb K07    
E219-010         12 56 09.6 -50 08 38 -3  0.1        4.28      sbf CNG  C 
GR8,DDO155       12 58 40.4 +14 13 03 10 -1.2 136  3 2.10 0.34 rgb CNG    
UA319            13 02 14.4 -17 14 15  9  2.1 547  5 7.6       h   CNG    
DDO161           13 03 16.8 -17 25 23  8  1.4 545  5 7.6       h   CNG    
E269-37,KK179    13 03 33.6 -46 35 03 -3  1.6        3.48 0.35 rgb CNG  C 
KK182,Cen6       13 05 02.9 -40 04 58 10 -0.5 360  3 5.78 0.42 rgb K07    
N4945            13 05 26.1 -49 28 16  6  0.7 296  5 3.82 0.31 rgb G05  C 
P45628           13 09 36.6 -27 08 26 10 -0.6 470 32 6.5       h   CNG    
E269-058         13 10 32.9 -46 59 27 10  1.9 135  3 3.80 0.29 rgb K07  C 
KKs53,Cen7       13 11 14.2 -38 54 22 -3  1.2        3.6       mem CNG  C 
KK189            13 12 45.0 -41 49 55 -3  2.0        4.42 0.33 rgb K07  C 
E269-66,KK190    13 13 09.2 -44 53 24 -1  1.7 528 31 3.82 0.26 rgb K07  C 
N5068            13 18 55.3 -21 02 21  6 -1.4 473  5 6.6       h   CNG    
KK195            13 21 08.2 -31 31 47 10  0.0 338  5 5.22 0.52 rgb CNG  M 
KKs54            13 21 32.4 -31 53 11 -3  1.0        4.6       mem CNG  M 
KK196            13 21 47.1 -45 03 48 10  2.2 490  5 3.98 0.29 rgb K07  C 
N5102            13 21 57.8 -36 37 47  1  0.7 230  7 3.40 0.39 rgb CNG  C 
KK197            13 22 01.8 -42 32 08 -3  3.0        3.87 0.27 rgb K07  C 
KKs55            13 22 12.4 -42 43 51 -3  3.1        3.94 0.27 rgb K07  C 
KK198            13 22 56.1 -33 34 03 -3  0.8        4.6       mem CNG  M 
KK200            13 24 36.0 -30 58 20  9  1.2 264  1 4.63 0.46 rgb CNG  M 
N5128,Cen A      13 25 28.9 -43 01 00 -2  0.6 301  5 3.77 0.38 rgb R04  C 
I4247,E444-34    13 26 44.4 -30 21 45 10  1.5 195 10 4.97 0.49 rgb K07  M 
KK203            13 27 28.1 -45 21 09 -3  2.1        3.6       mem CNG  C 
E324-24          13 27 37.4 -41 28 50 10  2.4 270  6 3.73 0.43 rgb CNG  C 
P170257          13 29 21.0 -21 10 45 10  0.2 457 29 6.3       h   CNG    
N5206            13 33 43.9 -48 09 04 -3  1.1 322 10 3.47 0.28 rgb Sh06 C 
E270-17,RFGC2603 13 34 47.3 -45 32 51  8  1.0 583  2 4.3  0.8  tf  K07  C 
E444-78,UA365    13 36 30.8 -29 14 11 10  2.1 363  1 5.25 0.43 rgb K07  M 
KK208            13 36 35.5 -29 34 15 -3  1.6        4.68 0.46 rgb CNG  M 
N5236, M83       13 37 00.1 -29 52 04  5  0.8 304  4 5.16 0.41 rgb K07  M 
DEEP J1337-33    13 37 00.6 -33 21 47 10  1.2 371  5 4.51 0.45 rgb CNG  M 
E444-84          13 37 20.2 -28 02 46 10  1.7 380  4 4.61 0.46 rgb CNG  M 
HIPASS J1337-39  13 37 25.1 -39 53 52 10 -0.3 258  5 4.90 0.49 rgb CNG    
N5237            13 37 38.9 -42 50 51 -3  2.1 126  5 3.40 0.23 rgb K07  C 
N5253            13 39 55.8 -31 38 24  8  0.0 190  4 3.60 0.20 rgb Sa04 C 
I4316,E445-06    13 40 18.1 -28 53 40 10  2.4 382 12 4.41 0.44 rgb CNG  M 
N5264            13 41 37.0 -29 54 50 10  2.6 268  3 4.53 0.45 rgb CNG  M 
KKs57            13 41 38.1 -42 34 55 -3  1.8        3.93 0.28 rgb K07  C 
KK211            13 42 05.6 -45 12 18 -5  1.5 340 23 3.58 0.36 rgb CNG  C 
KK213            13 43 35.8 -43 46 09 -3  1.7        3.63 0.36 rgb CNG  C 
E325-11          13 45 00.8 -41 51 32 10  1.1 307  4 3.40 0.39 rgb CNG  C 
KKs58            13 46 00.8 -36 19 44 -3  0.6        3.6       mem CNG  C 
KK217            13 46 17.2 -45 41 05 -3  1.1        3.84 0.38 rgb CNG  C 
KK218            13 46 39.5 -29 58 45 -3  1.6        4.6       mem CNG  M 
E174-01,KKs59    13 47 57.7 -53 21 04 10 -1.5 432  6 6.0       h   CNG    
CenN             13 48 09.2 -47 33 54 -3  0.9        3.77 0.26 rgb K07  C 
HIPASS J1348-37  13 48 33.9 -37 58 03 10 -1.2 347  3 5.75 0.66 rgb K07    
KK221            13 48 46.4 -46 59 49 -3  0.6 270 33 3.98 0.40 rgb CNG  C 
E383-87          13 49 18.8 -36 03 41  8  0.5 108  1 3.45 0.27 rgb K07  C 
HIPASS J1351-47  13 51 22.0 -47 00 00 10 -1.1 292  3 5.73 0.73 rgb K07    
KKH86            13 54 33.6 +04 14 35 10 -1.5 209  3 2.61 0.16 rgb CNG    
E384-016         13 57 01.6 -35 20 02 10 -0.3 350 32 4.53 0.31 rgb K07    
N5408            14 03 21.5 -41 22 35 10 -0.5 288  7 4.81 0.48 rgb CNG    
Circinus,E97-13  14 13 09.3 -65 20 21  3 -0.7 204 10 2.82 0.28 tfi K07    
DDO187           14 15 56.5 +23 03 19 10 -1.3 172  4 2.28 0.23 rgb T06    
P51659           14 28 03.7 -46 18 06 10  0.1 175  2 3.58 0.33 rgb CNG  C 
E222-10          14 35 03.0 -49 25 18 10 -1.4 405  5 5.8       h   CNG    
HIPASS           14 41 27.0 -62 41 55 10      441  3 6.1       h   M04    
E272-25          14 43 25.5 -44 42 19  8 -1.5 422 10 5.9       h   CNG    
E223-09          15 01 08.5 -48 17 33 10 -0.8 387  6 6.49 0.51 rgb K07    
E274-01          15 14 13.5 -46 48 45  7 -0.8 335  5 3.09 0.23 rgb K07    
HIPASS J1526-51  15 26 17.0 -51 10 04         416    5.8       h   M04    
E137-18          16 20 59.3 -60 29 15  9 -1.8 420  3 6.40 0.48 rgb K07    
I4662,E102-14    17 47 06.3 -64 38 25  9 -0.9 145  4 2.44 0.19 rgb K06a   
Tucana,P69519    22 41 49.0 -64 25 12 -2 -0.1   9  2 0.88 0.09 rgb CNG    